nm	Absorption coefficient
800	0.496358493
790	0.578229599
780	0.522244703
770	0.568273257
760	0.44071259
750	0.435345971
740	0.460535775
730	0.383057963
720	0.467191194
710	0.447952892
700	0.42170669
690	0.325592187
680	0.385128602
670	0.456619246
660	0.332857191
650	0.393184437
640	0.379717333
630	0.388910244
620	0.238181895
610	0.267209898
600	0.258292766
590	0.190095773
580	0.228372144
570	0.159459592
560	0.221794583
550	0.145620804
540	0.128732282
530	0.016733061
520	0.071744427
510	0.066180478
500	0.109825876
490	0.02841141
480	0.070730685
470	0.006628441
460	0.055135093
450	0.142055551
440	0.07071259
430	0.140496136
420	0.204337826
410	0.230232186
400	0.286774618
390	0.377325399
380	0.413699035
370	0.467641254
360	0.334928491
350	0.598983338
340	1.19854534
330	4.406244649
320	0
310	24.70212054
300	29.39018715
290	18.05066728
280	2.943406198
270	16.82490534
260	24.48122143
250	1.588219353
240	1.407587244
230	0
220	3.030460538
210	4.923312798
200	3.226134109

