nm	Absorption Coeficient
800	0.556876903
790	0.541968796
780	0.491794808
770	0.427367168
760	0.51309121
750	0.371682681
740	0.422672294
730	0.524262863
720	0.397935491
710	0.41964652
700	0.307478729
690	0.314040513
680	0.286569864
670	0.245855134
660	0.314936661
650	0.279019289
640	0.278890041
630	0.202646185
620	0.215102322
610	0.163885823
600	0.113998979
590	0.059041046
580	0.011865793
570	0.009646813
560	0.037025341
550	0.142628599
540	0.12785441
530	0.152015216
520	0.163011212
510	0.192175251
500	0.169362935
490	0.207071074
480	0.372243981
470	0.312872878
460	0.323012428
450	0.344130042
440	0.456022612
430	0.467127631
420	0.521820551
410	0.545486738
400	0.549584254
390	0.558581045
380	0.581082932
370	0.643172208
360	0.781843573
350	0.999713502
340	2.249396498
330	7.601668063
320	2.35402487
310	3.510141683
300	4.351879929
290	6.334777128
280	6.673854822
270	10.97131489
260	9.304632311
250	8.988972949
240	2.995536836
230	8.591454134
220	2.523083172
210	2.400460959
200	10.08719724

