nm	Absorption coefficient
800	0.024008518
790	0.054346588
780	0.142048555
770	0.025968673
760	0.030465654
750	0.135493006
740	0.096118848
730	0.0927694
720	0.117058142
710	0.079489906
700	0.135210201
690	0.183478363
680	0.127299671
670	0.068882395
660	0.200346629
650	0.136268707
640	0.20681817
630	0.132594491
620	0.129290341
610	0.11276876
600	0.168655651
590	0.158428328
580	0.104006015
570	0.310342678
560	0.1319588
550	0.210568495
540	0.137167743
530	0.175773195
520	0.116237004
510	0.233219484
500	0.186955923
490	0.202064341
480	0.141669139
470	0.101337219
460	0.11658089
450	0.113064853
440	0.092785371
430	0.090807358
420	0.133943307
410	0.153985961
400	0.160590509
390	0.090716301
380	0.18254758
370	0.173629085
360	0.376094101
350	0.883832083
340	2.788256431
330	11.8977175
320	36.1522736
310	2.172836992
300	12.05860185
290	11.15717757
280	30.30506381
270	62.65431832
260	20.27325541
250	13.59635495
240	0
230	21.54492486
220	20.27325541
210	9.11607784
200	26.16460701

