nm	Absorption Coefficient
800	0.155305537
790	0.306750842
780	0.271621744
770	0.274723568
760	0.142085548
750	0.199245008
740	0.103154543
730	0.118284448
720	0.246861459
710	0.189543241
700	0.256746612
690	0.241098017
680	0.257269384
670	0.259410945
660	0.225477502
650	0.198247796
640	0.240661387
630	0.22336845
620	0.227838934
610	0.227126208
600	0.169961764
590	0.118127371
580	0.237079938
570	0.274263218
560	0.273531498
550	0.234554586
540	0.262521037
530	0.333655034
520	0.220065502
510	0.213629888
500	0.379627405
490	0.425551895
480	0.4010404
470	0.359245215
460	0.440838402
450	0.50127186
440	0.500785844
430	0.490099536
420	0.504505375
410	0.644597893
400	0.791303474
390	0.778958081
380	0.866828218
370	0.894807512
360	1.060907462
350	1.132193621
340	0.743941195
330	1.671271774
320	13.59755504
310	9.887724223
300	11.43934836
290	3.533200312
280	24.3855079
270	4.000665682
260	4.08475604
250	8.629800698
240	3.955842625
230	11.64634591
220	0
210	49.03932073
200	677.6573147

