nm	Absorption Coefficient
800	0.195154746
790	0.077043499
780	0.271625214
770	0.335791191
760	0.277480374
750	0.365791648
740	0.396108687
730	0.408131863
720	0.396656073
710	0.338825791
700	0.384532754
690	0.345503802
680	0.393708717
670	0.351118008
660	0.303948781
650	0.406499549
640	0.379896575
630	0.419312453
620	0.349066067
610	0.38201564
600	0.446228418
590	0.429332137
580	0.462561246
570	0.431864211
560	0.564139268
550	0.52401323
540	0.61702685
530	0.559973637
520	0.574264507
510	0.586570885
500	0.6082358
490	0.63229366
480	0.604566485
470	0.651077106
460	0.681160454
450	0.739859361
440	0.769731274
430	0.815517093
420	0.806445895
410	0.838527678
400	0.839290281
390	0.92081095
380	1.072534959
370	1.050024728
360	1.163588634
350	1.429164517
340	2.743336804
330	7.554999941
320	5.697263097
310	23.50480916
300	21.05758521
290	7.705711336
280	317.1940217
270	39.4125598
260	47.22308044
250	1.032109586
240	6.31360614
230	18.97535871
220	57.26906318
210	25.5467966
200	195.5376179

