nm	Absorption Coefficient
800	1.208945055
790	1.243731877
780	1.28284218
770	1.288341429
760	1.254566466
750	1.238738196
740	1.193647593
730	1.154161813
720	1.198856565
710	1.201209293
700	1.245291529
690	1.235565209
680	1.193220298
670	1.167392687
660	1.150336245
650	1.278504827
640	1.209265785
630	1.222591153
620	1.185905688
610	1.185946367
600	1.30348047
590	1.269961406
580	1.270108518
570	1.194880935
560	1.18810798
550	1.251126671
540	1.161943436
530	1.297176827
520	1.219535074
510	1.211436511
500	1.284788778
490	1.274724096
480	1.228417759
470	1.253207117
460	1.338491053
450	1.361007492
440	1.339223978
430	1.280102295
420	1.382080546
410	1.460001797
400	1.440347309
390	1.369001739
380	1.463470915
370	1.485009369
360	1.61045317
350	1.640405213
340	2.348528798
330	5.485371972
320	5.382146801
310	33.60509884
300	19.47642579
290	10.38086399
280	26.94438523
270	34.65735903
260	12.56572141
250	1.150780968
240	4.956368842
230	27.98466071
220	14.40185615
210	13.41226353
200	47.9916102

