nm	Absorption Coeficient
800	0.199161332
790	0.168292153
780	0.154003768
770	0.284671044
760	0.046001637
750	0.314913461
740	0.079695409
730	0.17494343
720	0.355878652
710	0.078671902
700	0.309018617
690	0.161515307
680	0.187329067
670	0.162293028
660	0.104384854
650	0.078041413
640	0.004654005
630	0.236615352
620	0.181098447
610	0.232738669
600	0.2281822
590	0.098963173
580	0.140896835
570	0.29876838
560	0.043948522
550	0.041738959
540	0.065684141
530	0.104103572
520	0.179724733
510	0.235618485
500	0.193137876
490	0.374181062
480	0.295934213
470	0.299320127
460	0.190006102
450	0.14347572
440	0.345860233
430	0.106434236
420	0.249988571
410	0.25268705
400	0.434151648
390	0.264224224
380	0.362648905
370	0.225664759
360	0.482617214
350	0.725941698
340	2.596734724
330	10.2729222
320	187.3518764
310	62.63886478
300	56.67285563
290	102.9197107
280	81.90650661
270	23.00966995
260	0.99614385
250	38.77549858
240	17.46183835
230	29.4294568
220	49.21134993
210	5.915213012
200	47.37980141

