nm	Absorption Coeficient
800	0.562251182
790	0.370944472
780	0.233695976
770	0.560535741
760	0.395777499
750	0.479213306
740	0.069853769
730	0.324312634
720	0.330940328
710	0.519474009
700	0.559808654
690	0.27891147
680	0.492909122
670	0.23063165
660	0.075173641
650	0.278113921
640	0.282847738
630	0.329254393
620	0.451004144
610	0.234116121
600	0.226109405
590	0.347572085
580	0.151787277
570	0.160236297
560	0.041370601
550	0.18830108
540	0.106254288
530	0.062077475
520	0.104546249
510	0.083523562
500	0.367753076
490	0.099756308
480	0.103143474
470	0.041046584
460	0.073645187
450	0.035519851
440	0.068641207
430	0.176058964
420	0.146999459
410	0.045957896
400	0.130226405
390	0.120457707
380	0.264791
370	0.330242562
360	0.418297832
350	0.519288931
340	0.786260413
330	6.780950068
320	25.27004906
310	48.39499758
300	62.38931291
290	22.86052989
280	19.21502266
270	20.4839039
260	141.2996011
250	42.78147074
240	52.65965229
230	50.71951753
220	47.45332469
210	17.31291602
200	105.639582

