nm	Absorption Coeficient
800	0.11037454
790	0.212245824
780	0.209912338
770	0.136085798
760	0.209904095
750	0.17513374
740	0.201324935
730	0.240394688
720	0.249934298
710	0.204999932
700	0.186442165
690	0.237685964
680	0.241501175
670	0.21714053
660	0.205065947
650	0.188069856
640	0.18834381
630	0.225944382
620	0.213348132
610	0.211796308
600	0.221552602
590	0.179911194
580	0.1898049
570	0.212697419
560	0.184559612
550	0.194598209
540	0.196395582
530	0.189254718
520	0.196258023
510	0.197783136
500	0.205451045
490	0.202012993
480	0.165601526
470	0.165212019
460	0.18248895
450	0.146042849
440	0.21293114
430	0.193766163
420	0.208462869
410	0.164266879
400	0.200463737
390	0.23008802
380	0.204493428
370	0.189129982
360	0.043218954
350	0.34425806
340	1.58320848
330	7.016743706
320	19.75019342
310	1.281591451
300	16.04718468
290	24.71820783
280	24.69783313
270	26.77117216
260	25.27782867
250	24.90555392
240	29.03836693
230	25.82253593
220	27.87521741
210	28.80372391
200	29.79395658

