nm	absorption coeficient
800	-0.849415073
790	-0.952591562
780	-0.965026966
770	-0.904519495
760	-1.040977608
750	-0.941840319
740	-0.888129003
730	-1.029071823
720	-0.955181004
710	-0.921980408
700	-0.92687898
690	-0.994664563
680	-0.983440334
670	-0.981927016
660	-1.01916226
650	-0.945677001
640	-0.978935222
630	-0.946060796
620	-0.963560612
610	-0.989498771
600	-0.958880616
590	-0.925080331
580	-0.942367937
570	-0.877429364
560	-0.904183831
550	-0.937189271
540	-0.881497485
530	-0.93240864
520	-0.95599631
510	-1.015948888
500	-1.058667004
490	-0.980059143
480	-0.905199005
470	-0.976589879
460	-1.037564787
450	-1.036710595
440	-1.068096732
430	-1.023748949
420	-0.961474306
410	-1.051361869
400	-1.012817141
390	-1.011175626
380	-1.070497683
370	-1.102964191
360	-1.086897517
350	-0.814038216
340	-0.115647123
330	3.552671335
320	-2.77695341
310	0
300	-62.6062505
290	9.530907719
280	2.223024673
270	3.745065409
260	6.222095786
250	6.16745725
240	8.696594398
230	1.577600091
220	5.544189803
210	5.526501709
200	8.328775359

