Crystal Number	Light Yield															
0	9.4	8.23	9.67	16	15.5	15.7	14.8	15.7								
1																
2																
3																
4																
5																
6																
7																
8																
9																
10																
11	9.81	10.25	10.31													
12																
13																
14																
15																
16	9.68	9.83														
17	26															
18	11.3															
19	14.04	9.82	15.3	10.03	14.9	15.3	16									
20																
21	12	12.09	11.55	12.94	12.81											
22																
23	12.5	8.07														
24	16.8	16.7	16.3	17	17.6	17.9	16.2	17.3	17.42	12.79	16.99	16.68	16.93	8.9	5.23	15.9
25	12.5	12.7														
26	10.5	11.5	11.95													
27	11.93	14.3	14.16	13.78												
28																
29																
30																
31	13.64	15.38	15.29	15.11												
32	11.93	13.05	14.51	16.26	15.56											
33	11.74	12.26														
34	10.3	9.4	10.3	9.8												
35	11.64	12.37	13.79													
36	16	17	17.17	16.54												
37																
38	12	12.21	13.39	12.6												
39	11.9	12.25	11.9													
40	13.32	14														
41																
42																
43																
44	12.4															
45	14.02	13.41														
46																
47																
48																
49																
50																
